AddItem 3 1 1 4 7.75 7.62 0.69 0.025 4.97 2 0 8
AddItem 2 1 4 2 7.75 7.62 0.69 0.025 11.99 1 0 12
AddItem 2 1 2 2 7.75 7.62 0.69 0.025 11.99 1 0 12
AddItem 1 1 3 1 7.75 7.62 0.69 0.025 10.00 4 0 1
AddItem 2 1 4 1 7.75 7.62 0.69 0.025 10.67 3 1 3
AddItem 2 1 2 1 7.75 7.62 0.69 0.025 10.67 3 1 3
AddItem 2 2 1 2 7.50 14.53 17.53 14.43 99.99 1 1 200
AddItem 1 2 1 1 16.10 15.70 13.90 35.49 249.99 2 1 1000
AddItem 1 2 2 3 8.10 15.30 12.90 21.33 149.99 3 0 300
AddItem 1 3 1 3 6.60 6.70 9.00 6.30 49.95 3 1 0
AddItem 1 3 2 1 24.00 15.60 14.00 108.00 399.99 1 1 1
AddItem 1 3 1 2 20.50 14.70 11.30 55.00 199.99 2 0 1

